demo
for 500: 0.124014 0.125216 0.125322 0.124723 0.125468 (0.1249)
for 1000: 0.348727 0.359791 0.410163 0.372844 0.363048 (0.3709)
for 1500: 0.647434 0.651929 0.651958 0.648666 0.646835 (0.6494)
for 2000: 1.021017 1.024902 1.031414 1.033470 1.030428 (1.0282)
for 2500: 1.437954 1.520850 1.440083 1.444145 1.445806 (1.4578)
for 3000: 1.780420 1.784671 1.777787 1.779379 1.769662 (1.7784)

OMP + task (1000)
Recursion + for-loop
0.29-0.35
Recursion
0.46

OMP
for 500:
for 1000: 0.275505 0.275562 0.287445 0.275223 0.271332 (0.2770)
1000:
(1,0.367194)
(2,0.329829)
(3,0.296141)
(4,0.274345)
(5,0.250986)
(6,0.242753)
(7,0.235989)
(8,0.231354)

MPI: 1 2 3 4 5 6 7 8
0.373572 0.279013 0.250259 0.235290 0.229734 0.221141 0.419132 0.457248
